30
P0 611 190 224 [13646;64897]
P1 495 659 783 [68732;85059]
P2 818 10 263 [74143;85360]
P3 772 638 246 [29471;59027]
P4 996 741 649 [66456;74160]
P5 805 115 635 [3466;32874]
P6 113 714 479 [86416;87345]
P7 698 453 462 [32470;47830]
P8 562 707 195 [36477;76967]
P9 415 777 451 [3989;36261]
P10 527 124 524 [73392;81853]
P11 28 617 223 [59381;82703]
P12 887 880 148 [9170;48493]
P13 955 271 275 [43814;44867]
P14 772 13 655 [63551;64769]
P15 927 866 890 [64643;84471]
P16 712 615 122 [31507;48913]
P17 434 418 31 [27849;42170]
P18 611 836 536 [73351;79271]
P19 721 156 912 [39237;82895]
P20 75 132 418 [81221;85681]
P21 966 132 33 [18425;58804]
P22 346 64 329 [61928;86181]
P23 872 236 546 [20103;25242]
P24 679 766 179 [481;42689]
P25 623 305 406 [43484;56467]
P26 173 540 156 [73337;76689]
P27 264 677 19 [87525;87746]
P28 476 506 987 [80804;81398]
P29 458 342 379 [48911;63175]
0 98758 31480 76997 94986 24480 118632 48856 110516 105943 19101 105804 112147 38933 26873 111295 89266 45043 114052 13148 72583 45340 33248 34852 96548 27568 97296 94214 56241 42121 
97931 0 128856 42240 60182 116677 78052 74205 13025 20119 96068 75207 60291 104917 124131 62709 58740 55978 41203 110953 102062 121282 96974 108031 27218 108990 57180 32941 49493 66504 
31487 129748 0 88302 100815 13753 148234 60269 121821 136933 35017 133440 123452 41154 4724 121218 100590 76032 125357 19767 90052 24758 50354 39532 107853 54576 128286 125203 84914 73110 
76450 42599 87707 0 29386 74476 102623 41267 33547 50831 92061 112583 36548 62715 86368 35695 18994 69709 37092 70956 144660 79081 108367 65829 19580 82138 99778 74885 62915 75722 
94519 60379 100314 29220 0 87083 118590 68460 51328 66798 109872 128550 24151 61616 99002 20734 46950 96902 52389 85032 162441 79853 126436 74210 35465 109330 117559 92666 90108 102915 
24092 117245 13374 74675 87188 0 142534 46641 108193 125477 31778 129706 109825 31026 13697 107591 86963 68944 111730 11140 89842 20868 50217 25904 94226 45361 121198 118115 71286 66023 
118085 78789 147609 103081 119259 142375 0 110938 78339 58909 113674 17068 115965 148002 142885 118383 119581 86593 82609 131106 74601 163234 107646 148562 84108 134646 42584 45773 86801 94431 
48789 75175 60139 41481 68387 46908 111462 0 75000 84546 64401 99192 76631 37064 58746 75778 44035 28459 78536 43295 109802 53074 70526 39687 61032 41902 81166 76381 24650 34472
108992 12271 120249 32580 50522 107018 76558 73809 0 21772 108315 86517 50504 95257 118910 52922 49080 68249 28274 103498 114306 111623 109221 98371 17082 114679 69423 43984 61763 78774 
105054 20015 135979 50260 66438 124697 57933 83875 22463 0 102464 67892 63143 112937 131254 65561 66760 63822 35542 118076 103484 129302 103370 116051 31287 118660 58602 30615 59162 74347 
19167 96995 34989 92659 110295 32123 114271 64518 109986 103661 0 99477 127809 54197 30265 126956 104928 43937 129714 25640 60149 52824 20670 49649 112210 42033 94496 91413 55157 41499 
105118 75905 133054 112591 128768 129408 16785 98506 87848 68418 99118 0 125474 135571 128329 127892 129091 74162 92118 118139 58168 150267 90925 135596 93618 121679 31204 57999 74370 81464 
110278 59583 121536 35242 23107 108305 114325 75096 50404 62533 125890 124285 0 84332 120197 4976 52913 103537 47735 104785 161645 102568 142196 96925 32832 115966 116763 91870 96744 109551 
38791 105623 40780 63052 61924 31240 148471 37009 96571 113855 54093 136202 85632 0 43160 82327 77106 64787 100107 29189 110043 18943 70709 15361 82603 54077 118175 113391 61659 69711 
26939 125024 4724 86922 99465 14101 143510 58830 120440 132209 30293 128716 122072 43304 0 119868 99210 71308 123976 17633 85328 29093 45630 38182 106473 52443 123562 120479 82507 68386 
109567 62153 119843 34530 19794 106612 116945 74384 53023 65153 125178 126905 5073 81145 118531 0 52202 102826 50355 104073 164214 99382 141484 93739 35452 115255 119332 94439 96033 108839 
89439 59566 100762 19392 47539 87531 119591 44220 50514 67798 105050 129550 54701 77418 99395 53848 0 67777 54059 83945 149139 93444 109863 80057 36547 85964 116680 91852 59634 73809 
44873 56740 75797 69828 96733 69163 87036 28367 69765 64416 43767 74767 104977 64757 71073 104125 67652 0 97942 57894 83949 80766 44673 67379 83957 60926 56740 53658 11553 11750 
113577 41938 124834 37176 52660 111603 82016 78395 29730 36082 129189 91976 48819 99843 123496 51237 53676 97916 0 108083 139364 116208 138788 102957 18353 119265 94481 66495 91430 108442 
13003 111634 19566 71357 85354 11376 131508 43217 104876 118819 25539 118680 106507 29192 17443 105655 83627 57918 108412 0 84146 32245 44522 24422 90909 34809 110172 107089 67862 54997 
72618 103251 90037 145491 163432 90219 74639 109886 116242 104335 60160 58519 163542 110221 85313 165960 149192 84128 139538 84250 0 109684 39690 106139 130469 94999 65605 90360 93948 81690 
44552 121340 23868 78770 79580 20470 162994 52366 112288 129573 52085 150166 103288 18352 28254 99983 92480 80144 115825 31611 108934 0 69309 24165 98321 65821 133532 128748 77016 85068 
33297 97924 50346 108963 126952 50602 107662 70623 110914 104589 20691 91245 144113 70899 45622 143260 109929 44865 138955 44633 39697 70068 0 66818 125141 55678 95424 92341 56085 42427 
34650 108641 39273 66071 74427 26042 148875 39508 99590 116874 49422 136048 98135 15281 37961 94830 79622 67286 103126 24342 105902 25297 66567 0 85622 51082 120674 115889 64158 72210 
95476 27209 106733 19065 35150 93502 83124 60294 17616 31332 111088 93084 33473 81742 105395 35890 35565 83187 17712 89982 129271 98107 124183 84856 0 101164 84388 59495 76701 93712 
26910 109593 53851 81972 108878 45134 134520 41562 115491 118964 41332 121693 117122 53634 51728 116270 85512 60672 119027 34285 94291 65994 54957 50759 101524 0 113185 110102 59068 56550 
95906 57233 126830 99472 117414 120196 41721 79834 70224 58317 93044 30574 117524 116899 122106 119941 115349 55489 93520 108927 64390 132908 93950 119521 84450 112467 0 44341 55697 65605 
93749 33587 124673 75099 93040 118039 45832 76278 45257 31609 90887 58344 93150 113343 119949 95567 91599 53332 66945 106770 90424 129353 91793 115965 60076 110310 45542 0 51566 63448 
56241 50525 84847 63116 90021 71616 87372 24712 63550 59896 55153 75103 98265 61777 82441 97413 59678 11714 91728 68003 93815 77787 56059 64399 77742 59497 57076 51731 0 21674 
41864 67163 72788 75738 102643 66154 94734 34277 80187 74839 41222 81906 110887 69599 68064 110035 73583 11672 108365 54885 81404 85608 42129 72221 94380 56458 66712 63629 21461 0 